639150414631
19157153525
18186196536
18625915956
18178895643
17348978558
18507336854
17069830208
16023996455
17868675476
17242450758
17089800564
17135056106
17209551332
17176348488
17328818628
17047099647
14452084303
17077041481
17248121005
14079735676
14105411041
17049800204
14802597152
16024718080
16025797609
15106044794
14252130504
14242301222
15142083498
13308099596
13179376525
66636321865
15133735863
14696614397
13155551212
639150414631
18553681703
19512038956
19499231020
19498670007
19498202317
19452764574
19496901722
19452651395
19415182132
19412985334
19494542360
19412098868
19412468557
19492047546
19363320055
19294421300
19292628758
19293637213
19259499539
19254288128
19099572449
19176698712
19152296172
19159553000
19153280093
19156000071
19164614577
19153462828
19036468194
19163702815
19162945684
19012468049
19097499903
19125159875
19105830316
19095450433
18645319066
19012937380
18328355340
18182166967
18603032918
18607093419
18573016402
18473319933
18603264607
18453776709
18328592657
18402623026
18567390208
18326020308
17819278662
18177248682
17863852376
18177242092
17753466770
18157140637
18154513521
18135768695
18109652843
17755012569
18147955277
18173186791
18133250203
18138193567
18162255175
17865467771
17654915610
17605147662
17702883838
17653679844
17348978558
17204003451
17424233318
17327980907
17072025153
17326851002
17316664652
18553681703
17262179582
17179195066
17194225398
17206863023
17547796054
17174875514
17143136337
17144745031
17197444141
17073338746
17046659292
17133200484
16788861122
17028341452
17069830208
17046812994
16785587803
17039151766
17068323923
17054439653
17039454366
17038503627
15717195097
15313010800
15617647141
15754084556
16023307800
16023996455
15202238120
15023831632
15137043371
15053121217
15042615646
14695948618
15038402503
14694564674
14458660511
14437681937
14692698648
14523624623
14692540265
14422476513
14452084303
14079735676
14439281257
14105411041
14422472439
14435912712
14254203305
14252130504
14152337515
14246558501
14244852446
14242301222
13342745306
13308099596
13183035871
13179376525
13182307225
13174415765
13304738243
13173744790
13237938850
13237704591
13155425294
13109485855
13234277800
13155206401
13155551212
909565287
877370006
70229382090
13153008886
13216935639
13252273459
13252037349
13236720863
13233996966
13237942749
66636321865
639150414631
20088132588
19898989898
19843290897
19808922860
19807775630
19802005137
19786061312
19784941515
19729555707
19727629414
19723392902
19713378423
19705393845
19592081941
19564609562
19563535508
19546688434
19546187490
19546169903
19545921825
19522615057
19545880545
19519994546
19519773878
19515919924
19515467417
19515004043
19512989639
19499423021
19498772174
19497630871
19496275000
19493465550
19493128582
19452644163
19362777211
19315107602
19312492432
19293944220
19293530349
19259155491
19254998529
19254088632
19199097874
19182009004
19179606844
19168797339
19175393737
19167990232
19162129694
19157040383
19153280092
19107292911
19102266696
19099572449
19099271234
19098382105
19098275977
19097289886
19096609902
19095658461
19095393033
19094355903
19093585711
19092839938s
19092782951
19092417394
19084153629
19083927625
19073852613
19049264219
19046728745
19043855374
19043651501
19036468194
19043000510
19034244919
19018018428
19015040711
19014267003
18553681703
19013006311
19012122414
19012468049
18646521025
18632329931
18622681000
18622137944
18609804594
18583951888
18582699092
18563530313
18542536349
18507812754
18506021635
18502844094
18474018156
18456459975
18452705519
18443360400
18328355340
18327944038
18325060528
18325610881
18324132837
18323419286
18312385388
18302093970
18188217542
18186419970
18186196536
18184060592
18182166967
18179299171
18178964114
18178895643
18178494387
18178056254
18139516533
18136138758
18108451567
18054522050
18046642553
18036179616
18034931530
18033910609
18032935647
18032692149
18017124572
18022365712
18015584423
17866917064
17863983290
17863852376
17859254300
17819278662
17815022553
17753466770
17755012569
17744385638
17739839365
17735690738
17703293371
17702768387
17654819866
17652126371
17609985968
17607827979
17602213904
17602999386
17578283655
17575810887
17577183110
17575003246
17277767209
17258951859
17205755720
17205490328
17205694874
17204428326
17194971647
17185105287
17164633117
17173608967
17149440235
17149365320
17146790487
17144629338
17142726645
17138971668
17137258978
17134780916
17135160695
17135779939
17134108555
17085957327
17089800564
17085067198
17083154737
17075960137
17072025153
17027552195
17025517864
17025413059
17025278323
17025171083
17023501406
17023083919
17023055974
17015784256
16825580005
16824536993
16824148171
16822379057
16788861122
16788829255
16788000440
16787684751
16787574466
16787333496
16787045707
16785587803
18553681703
16785074624
16784859198
16783627027
16784696585
16782314264
16782035277
16677551141
16618026704
16615753868
16613776124
16612377008
16465457884
16464459944
16463387573
16462018637
16362016233
16318963253
16316976941
16314381297
16308493460
16313108863
16303732062
16303464305
16268251540
16267158188
16267125916
16265875462
16264837419
16238265827
16232388133
16234281316
16197961393
16197453871
16178168491
16194367205
16182400044
16158281108
16156362628
16157100821
16156011802
16154170794
16154155854
16148684233
16147498101
16147011971
16146074350
16146070232
16144843680
16125542939
16109343490
16098540034
16097642769
16093464808
16093250467
16064288450
16027700023
16027210475
16026969576
16025459466
16025038383
16024868689
16024719569
16024719567
16024053489
16018358756
15869438182
15753009636
15745212460
15743157110
15742753333
15717195097
15715279838
15716294307
15702594631
15627612807
15624006555
15623504570
15619909600
15619833711
15617647141
15614802206
15613512906
15599174117
15595793882
15594777379
15594615356
15594335673
15512583868
15417019126
15402873580
15313010800
15303550582
15209778010
15302480020
15204373394
15203330125
15202238121
15202228951
15202238120
15188335498
15184216565
15182698337
18553681703
15179907399
15182561171
15174650282
15167252241
15154185551
15129917191
15128180460
15128121999
15126668852
15126276909
15126272943
15124351180
15105794219
15105170149
15093082672
15088406277
15086176787
15085215136
15083452968
15054563929
15054535176
15047568763
15047236530
15044191489
15043437663
15033078501
15029018627
15025728929
15023831632
15022023758
15023378894
15012746774
14805285133
14806263153
14845139564
14809302595
14807995367
14804357025
14803278177
14803269159
14802597152
14802385494
14798028809
14792314908
14698968173
14788458515
14696146284
14695962585
14693157855
14694012759
14438240988
14439041495
14423689158
14404773360
14344203606
14343205372
14303334195
14254199736
14238981362
14237796420
14159027206
14157602495
14157126612
14156975764
14145441103
14144228959
14127420600
14125894476
14124301877
14106350064
14105411041
14104972964
14103461853
14102713252
14096172632
14089925332
14087109933
14086938523
14086613268
14085684638
14084725713
14079735676
14077339533
14077207042
14076002360
14075564473
14074567591
14074567474
14072831189
14072561159
14072144519
14059927023
14056354142
14058004598
14053018805
14052015280
18553681703
14049539648
14046644998
14046201576
14045991577
14017870017
13912172458
14044848289
14042369878
14029064155
14023179249
14018080890
14013636042
13864441889
13854803432
13603288218
13474542801
13473979625
13469011773
13473178664
13468031471
13467730181
13464904683
13462688633
13373847484
13378896865
13367815866
13369156690
13369865907
13364977114
13366184478
13364299466
13364099380
13347181569
13309572513
13257109723
13252803104
13233802078
13233589528
13216631781
13214396903
13214126854
13213206216
13213307869
13155551212
13195846756
13184788925
13184701018
13183035871
13182007251
13182307225
13179376525
13174415765
13173847052
13173744790
13172008308
13172523938
13169283611
13166139431
13163762821
13157337000
13157256969
13155425965
13155425294
13155206401
13153507884
13153008886
13152361757
13149865610
13147360618
13132046868
13127929238
13109485855
13109263162
13109169136
13107496896
13108061893
13107433900
13107412415
13107309364
13105604541
13104789984
13102726710
13059780682
13095543735
13056329160
13055657806
13052712375
13029816534
13022406098
12723680315
13017687111
12819780204
12819654425
12693253453
12676940044
12626761353
12543921905
12623259981
12536938662
12513888715
12515049755
12532210821
12536709766
12489436384
12483436611
12486570256
12487025545
12408836068
12404526425
12404527470
12403474394
12402607091
12248294201
12295734983
12263487959
12246558404
12187723118
12169059851
12166948063
12159863775
12159715663
12159082562
12156876141
12152642194
11800726575
12149942778
12148938173
12146979167
12145749909
12145452121
12145349381
12135900971
12143092849
12142124798
12134446019
12126253251
12139843418
12132766022
12109842684
12108496425
12109047363
12107903496
12108028547
12107418245
12107196341
12107303320
12103199323
12102550639
12106856805
12098001915
12098918950
12093479941
12087214951
12067892015
12065526238
12066394550
12067736358
12059070631
12062557829
12057562473
12033018231
12052596671
12033938429
12032734797
12015091607
12026701962
12028489667
12016993352
12024556676
12015002817
12028139429
12018150654
12023307000
12025539551